0.00000097000025562011
0.00000107000028947368
0.00000140999982249923
0.00000157999995280989
0.00000135999987833202
0.00000163999953656457
0.00000147000013384968
0.00000179999988176860
0.00000196999986656010
0.00000168999962625094
0.00000064000014390331
0.00000061000017012702
0.00000070000016421545
0.00000069000016083010
0.00000075000018114224
0.00000083000020822510
0.00000077000018791296
0.00000080000019806903
0.00000077000018791296
0.00000084000021161046
0.00000090000023192260
0.00000091000023530796
0.00000089000022853725
0.00000088000022515189
0.00000080000019806903
0.00000097000025562011
0.00000098000025900546
0.00000094000024546403
0.00000102000027254689
0.00000114000031317119
0.00000109000029624440
0.00000098000025900546
0.00000106000028608832
0.00000116000031994190
0.00000121000033686869
0.00000108000029285904
0.00000122000034025405
0.00000118000032671262
0.00000117000032332726
0.00000114000031317119
0.00000130000029457733
0.00000131000007968396
0.00000119000033009797
0.00000132000015582889
0.00000126000028103590
0.00000120000033348333
0.00000124000027426518
0.00000134000016259961
0.00000136999980895780
0.00000131000007968396
0.00000136000002385117
0.00000147999948239885
0.00000135999987833202
0.00000137999988510273
0.00000142999997478910
0.00000141000011353754
0.00000132999994093552
0.00000157999966177158
0.00000136000016937032
0.00000167000005603768
0.00000154000008478761
0.00000158999959239736
0.00000147999948239885
0.00000172999963979237
0.00000154000008478761
0.00000164999990374781
0.00000175999972270802
0.00000173999927937984
0.00000163999953656457
0.00000162999960593879
0.00000165999983437359
0.00000181999959750101
0.00000174999964656308
0.00000168999977177009
0.00000182999938260764
0.00000163999968208373
0.00000189999977010302
0.00000167999984114431
0.00000173999971593730
0.00000195999920833856
0.00000170999963302165
0.00000194999913219363
0.00000180999923031777
0.00000200999900698662
0.00000195999935385771
0.00000182999996468425
0.00000209999940125272
0.00000200999915250577
0.00000193999905604869
0.00000196999928448349
0.00000233999890042469
0.00000223999886657111
0.00000205999953323044
0.00000226999880396761
0.00000222999879042618
0.00000217999913729727
0.00000198999885469675
0.00000207999939448200
0.00000216999891563319
