0.00000017000002117129
0.00000020000003132736
0.00000017000002117129
0.00000022000003809808
0.00000015000002349552
0.00000022000003809808
0.00000012000001333945
0.00000013000001672481
0.00000012000001333945
0.00000019000002794201
0.00000015000002349552
0.00000003000000106113
0.00000005999999757478
0.00000003999999989901
0.00000006999999641266
0.00000007999999979802
0.00000003000000106113
0.00000004999999873689
0.00000003000000106113
0.00000004999999873689
0.00000003999999989901
0.00000003999999989901
0.00000007999999979802
0.00000003999999989901
0.00000003000000106113
0.00000001999999994950
0.00000004999999873689
0.00000007999999979802
0.00000005999999757478
0.00000000000000000000
0.00000003999999989901
0.00000009000000318338
0.00000004999999873689
0.00000005999999757478
0.00000003999999989901
0.00000005999999757478
0.00000005999999757478
0.00000004999999873689
0.00000005999999757478
0.00000004999999873689
0.00000006999999641266
0.00000007999999979802
0.00000005999999757478
0.00000004999999873689
0.00000009000000318338
0.00000003999999989901
0.00000005999999757478
0.00000005999999757478
0.00000004999999873689
0.00000004999999873689
0.00000003999999989901
0.00000005999999757478
0.00000003999999989901
0.00000003999999989901
0.00000006999999641266
0.00000006999999641266
0.00000007999999979802
0.00000009000000318338
0.00000009000000318338
0.00000003999999989901
0.00000005999999757478
0.00000004999999873689
0.00000006999999641266
0.00000004999999873689
0.00000005999999757478
0.00000004999999873689
0.00000007999999979802
0.00000005999999757478
0.00000006999999641266
0.00000004999999873689
0.00000003999999989901
0.00000003000000106113
0.00000007999999979802
0.00000003999999989901
0.00000004999999873689
0.00000006999999641266
0.00000004999999873689
0.00000004999999873689
0.00000009000000318338
0.00000003999999989901
0.00000007999999979802
0.00000009000000318338
0.00000005999999757478
0.00000004999999873689
0.00000003999999989901
0.00000006999999641266
0.00000005999999757478
0.00000000999999997475
0.00000003999999989901
0.00000004999999873689
0.00000006999999641266
0.00000005999999757478
0.00000003999999989901
0.00000004999999873689
0.00000004999999873689
0.00000003000000106113
0.00000006999999641266
0.00000005999999757478
0.00000000000000000000
