0.00000020000003132736
0.00000034000007872237
0.00000033000007533701
0.00000030000006518094
0.00000033000007533701
0.00000020000003132736
0.00000018000002455665
0.00000031000006856630
0.00000033000007533701
0.00000034000007872237
0.00000010000000656873
0.00000011000000995409
0.00000005999999757478
0.00000013000001672481
0.00000011000000995409
0.00000010000000656873
0.00000006999999641266
0.00000011000000995409
0.00000012000001333945
0.00000011000000995409
0.00000011000000995409
0.00000014000002011016
0.00000001999999994950
0.00000011000000995409
0.00000011000000995409
0.00000013000001672481
0.00000012000001333945
0.00000007999999979802
0.00000010000000656873
0.00000013000001672481
0.00000009000000318338
0.00000012000001333945
0.00000009000000318338
0.00000009000000318338
0.00000013000001672481
0.00000001999999994950
0.00000014000002011016
0.00000010000000656873
0.00000003000000106113
0.00000013000001672481
0.00000012000001333945
0.00000016000001778593
0.00000013000001672481
0.00000012000001333945
0.00000007999999979802
0.00000011000000995409
0.00000016000001778593
0.00000017000002117129
0.00000010000000656873
0.00000014000002011016
0.00000013000001672481
0.00000012000001333945
0.00000014000002011016
0.00000013000001672481
0.00000011000000995409
0.00000015000002349552
0.00000013000001672481
0.00000012000001333945
0.00000012000001333945
0.00000009000000318338
0.00000010000000656873
0.00000009000000318338
0.00000012000001333945
0.00000011000000995409
0.00000011000000995409
0.00000011000000995409
0.00000014000002011016
0.00000015000002349552
0.00000012000001333945
0.00000013000001672481
0.00000009000000318338
0.00000007999999979802
0.00000019000002794201
0.00000012000001333945
0.00000010000000656873
0.00000014000002011016
0.00000013000001672481
0.00000005999999757478
0.00000013000001672481
0.00000011000000995409
0.00000016000001778593
0.00000007999999979802
0.00000013000001672481
0.00000012000001333945
0.00000013000001672481
0.00000015000002349552
0.00000014000002011016
0.00000012000001333945
0.00000015000002349552
0.00000014000002011016
0.00000014000002011016
0.00000017000002117129
0.00000015000002349552
0.00000013000001672481
0.00000011000000995409
0.00000016000001778593
0.00000014000002011016
0.00000013000001672481
0.00000012000001333945
