0.00000147999991895631
0.00000247999792918563
0.00000371000001905486
0.00000457999762147665
0.00000571999698877335
0.00000656000105664134
0.00000776000088080764
0.00000880000181496143
0.00001065999502316117
0.00001093999715521932
0.00001266000210307538
0.00001353000290691853
0.00001242000143975019
0.00001522000296972692
0.00001567000872455537
0.00001820999430492520
0.00001969998702406883
0.00000796000356785953
0.00000681000237818807
0.00000724000274203718
0.00000807000265922397
0.00000821000372525305
0.00000904999615158886
0.00000855000223964453
0.00000891999341547489
0.00000924999476410449
0.00001004999619908631
0.00001073999679647386
0.00001051999628543854
0.00001010999898426235
0.00001173999975435436
0.00001113999867811799
0.00001151000265963376
0.00001201000297442079
0.00001202000421471894
0.00001222000457346439
0.00001424000598490238
0.00001346000703051686
0.00001457000849768519
0.00001464000786654651
0.00001482000574469566
0.00001437000348232687
0.00001498000463470817
0.00001737001002766192
0.00001627000747248530
0.00001660000998526812
0.00001663000322878361
0.00001759999664500356
0.00001758999773301184
0.00001781999017111957
0.00001709999050945043
0.00001860998920165002
0.00001818999066017568
0.00001967999152839184
0.00002021999564021826
0.00001940998947247863
0.00002100999001413584
0.00002068999456241727
0.00001995999598875642
0.00002223999705165625
0.00002196999033913016
0.00002218999434262514
0.00002136999974027276
0.00002453999826684594
0.00002280000364407897
0.00002316999947652221
0.00002354000462219119
0.00002518000314012170
0.00002528000622987747
0.00002575001213699579
0.00002619001315906644
0.00002695001196116209
0.00002614000812172890
0.00002808000426739454
0.00002681000856682658
0.00002679000841453672
0.00002911001443862915
0.00002690001390874386
0.00002937001874670386
0.00002725000958889723
0.00002774000633507967
0.00002936000470072031
0.00002829000586643815
0.00003065000986680389
0.00003099001012742519
0.00003131001722067595
0.00003201001323759556
0.00003171001095324755
0.00003259001532569527
0.00003332001855596900
0.00003501002676784993
0.00003593003377318382
0.00003363002324476838
0.00003753001801669598
0.00003708998672664165
0.00003477999474853277
0.00003205998567864299
0.00003668997436761856
0.00003587998682633042
