0.00000039000009564916
0.00000021000003471272
0.00000022000003809808
0.00000025000004825415
0.00000021000003471272
0.00000030000006518094
0.00000026000005163951
0.00000024000004486879
0.00000026000005163951
0.00000031000006856630
0.00000024000004486879
0.00000024000004486879
0.00000028000005841022
0.00000031000006856630
0.00000033000007533701
0.00000033000007533701
0.00000026000005163951
0.00000011000000995409
0.00000011000000995409
0.00000011000000995409
0.00000009000000318338
0.00000013000001672481
0.00000011000000995409
0.00000010000000656873
0.00000011000000995409
0.00000012000001333945
0.00000011000000995409
0.00000010000000656873
0.00000014000002011016
0.00000009000000318338
0.00000011000000995409
0.00000010000000656873
0.00000010000000656873
0.00000013000001672481
0.00000010000000656873
0.00000012000001333945
0.00000010000000656873
0.00000010000000656873
0.00000014000002011016
0.00000011000000995409
0.00000012000001333945
0.00000010000000656873
0.00000013000001672481
0.00000016000001778593
0.00000014000002011016
0.00000012000001333945
0.00000015000002349552
0.00000012000001333945
0.00000014000002011016
0.00000011000000995409
0.00000016000001778593
0.00000011000000995409
0.00000012000001333945
0.00000015000002349552
0.00000013000001672481
0.00000014000002011016
0.00000012000001333945
0.00000015000002349552
0.00000012000001333945
0.00000011000000995409
0.00000015000002349552
0.00000016000001778593
0.00000016000001778593
0.00000011000000995409
0.00000011000000995409
0.00000016000001778593
0.00000012000001333945
0.00000014000002011016
0.00000014000002011016
0.00000012000001333945
0.00000013000001672481
0.00000017000002117129
0.00000018000002455665
0.00000017000002117129
0.00000014000002011016
0.00000013000001672481
0.00000016000001778593
0.00000018000002455665
0.00000017000002117129
0.00000017000002117129
0.00000019000002794201
0.00000016000001778593
0.00000017000002117129
0.00000017000002117129
0.00000017000002117129
0.00000017000002117129
0.00000011000000995409
0.00000015000002349552
0.00000016000001778593
0.00000019000002794201
0.00000017000002117129
0.00000017000002117129
0.00000020000003132736
0.00000017000002117129
0.00000019000002794201
0.00000017000002117129
0.00000018000002455665
0.00000018000002455665
0.00000014000002011016
