0.00000014000002011016
0.00000025000004825415
0.00000009000000318338
0.00000024000004486879
0.00000007999999979802
0.00000023000004148344
0.00000014000002011016
0.00000017000002117129
0.00000023000004148344
0.00000015000002349552
0.00000025000004825415
0.00000020000003132736
0.00000025000004825415
0.00000016000001778593
0.00000018000002455665
0.00000020000003132736
0.00000012000001333945
0.00000019000002794201
0.00000017000002117129
0.00000020000003132736
0.00000012000001333945
0.00000018000002455665
0.00000024000004486879
0.00000024000004486879
0.00000025000004825415
0.00000015000002349552
0.00000007999999979802
0.00000014000002011016
0.00000021000003471272
0.00000013000001672481
0.00000025000004825415
0.00000014000002011016
0.00000016000001778593
0.00000003999999989901
0.00000006999999641266
0.00000005999999757478
0.00000004999999873689
0.00000007999999979802
0.00000004999999873689
0.00000004999999873689
0.00000006999999641266
0.00000006999999641266
0.00000004999999873689
0.00000003999999989901
0.00000007999999979802
0.00000004999999873689
0.00000000000000000000
0.00000003000000106113
0.00000004999999873689
0.00000003000000106113
0.00000005999999757478
0.00000003999999989901
0.00000003999999989901
0.00000003000000106113
0.00000003999999989901
0.00000003999999989901
0.00000005999999757478
0.00000003000000106113
0.00000004999999873689
0.00000004999999873689
0.00000003000000106113
0.00000006999999641266
0.00000006999999641266
0.00000005999999757478
0.00000003999999989901
0.00000006999999641266
0.00000005999999757478
0.00000006999999641266
0.00000004999999873689
0.00000005999999757478
0.00000000000000000000
0.00000003000000106113
0.00000001999999994950
0.00000004999999873689
0.00000006999999641266
0.00000003999999989901
0.00000003000000106113
0.00000003999999989901
0.00000003999999989901
0.00000001999999994950
0.00000004999999873689
0.00000003000000106113
0.00000004999999873689
0.00000004999999873689
0.00000003999999989901
0.00000007999999979802
0.00000003999999989901
0.00000006999999641266
0.00000005999999757478
0.00000000999999997475
0.00000003999999989901
0.00000004999999873689
0.00000003999999989901
0.00000003000000106113
0.00000003999999989901
0.00000005999999757478
0.00000003999999989901
0.00000003999999989901
0.00000007999999979802
