0.00000042000010580523
0.00000039000009564916
0.00000046000011934666
0.00000044000011257594
0.00000045000011596130
0.00000048000012611737
0.00000044000011257594
0.00000047000012273202
0.00000046000011934666
0.00000048000012611737
0.00000047000012273202
0.00000050000013288809
0.00000016000001778593
0.00000017000002117129
0.00000016000001778593
0.00000016000001778593
0.00000019000002794201
0.00000025000004825415
0.00000015000002349552
0.00000016000001778593
0.00000019000002794201
0.00000018000002455665
0.00000017000002117129
0.00000017000002117129
0.00000017000002117129
0.00000016000001778593
0.00000017000002117129
0.00000018000002455665
0.00000015000002349552
0.00000018000002455665
0.00000019000002794201
0.00000020000003132736
0.00000021000003471272
0.00000022000003809808
0.00000023000004148344
0.00000017000002117129
0.00000022000003809808
0.00000016000001778593
0.00000017000002117129
0.00000020000003132736
0.00000018000002455665
0.00000017000002117129
0.00000021000003471272
0.00000015000002349552
0.00000021000003471272
0.00000020000003132736
0.00000019000002794201
0.00000023000004148344
0.00000017000002117129
0.00000020000003132736
0.00000017000002117129
0.00000015000002349552
0.00000022000003809808
0.00000074000003223773
0.00000020000003132736
0.00000020000003132736
0.00000022000003809808
0.00000018000002455665
0.00000021000003471272
0.00000021000003471272
0.00000020000003132736
0.00000016000001778593
0.00000018000002455665
0.00000022000003809808
0.00000020000003132736
0.00000022000003809808
0.00000020000003132736
0.00000019000002794201
0.00000021000003471272
0.00000023000004148344
0.00000021000003471272
0.00000023000004148344
0.00000020000003132736
0.00000022000003809808
0.00000024000004486879
0.00000020000003132736
0.00000021000003471272
0.00000019000002794201
0.00000022000003809808
0.00000021000003471272
0.00000023000004148344
0.00000021000003471272
0.00000023000004148344
0.00000017000002117129
0.00000021000003471272
0.00000021000003471272
0.00000023000004148344
0.00000021000003471272
0.00000025000004825415
0.00000025000004825415
0.00000023000004148344
0.00000028000005841022
0.00000022000003809808
0.00000022000003809808
0.00000021000003471272
0.00000021000003471272
0.00000020000003132736
0.00000024000004486879
0.00000026000005163951
