0.00000159999966854230
0.00000293999677523971
0.00000429000181611627
0.00000570999574847519
0.00000727999664377421
0.00000849000469315797
0.00000994000583887100
0.00001125000184401870
0.00001270998967811465
0.00001479999744333327
0.00001191001734696329
0.00000584999506827444
0.00000628999376203865
0.00000679999531712383
0.00000721999793313444
0.00000776000029873103
0.00000819000299088657
0.00000862000510096550
0.00000913000723812729
0.00000971000641584396
0.00001015000627376139
0.00001056000590324402
0.00001104000606574118
0.00001150999567471445
0.00001201998675242066
0.00001284998957999051
0.00001312999171204865
0.00001359999179840088
0.00001449999515898526
0.00001438999432139099
0.00001500999787822366
0.00001537000061944127
0.00001585000427439809
0.00001631000661291182
0.00001679000910371542
0.00001734001096338034
0.00001774001284502447
0.00001830001594498754
0.00001871001790277660
0.00001923001604154706
0.00001964001683518290
0.00002012001117691398
0.00002072001108899713
0.00002108000917360187
0.00002165001351386309
0.00002202001167461276
0.00002249000826850534
0.00002310996875166893
0.00002345996908843517
0.00002404997358098626
0.00002449997467920184
0.00002489997539669275
0.00002538997912779451
0.00002591998083516955
0.00002636998193338514
0.00002683997852727771
0.00002736998023465276
0.00002782998373731971
0.00002828998723998666
0.00002877998864278197
0.00002917999168857932
0.00002972999587655067
0.00003020999720320105
0.00003069000085815787
0.00003120000241324305
0.00003170000622048974
0.00003213000949472189
0.00003262001322582364
0.00003309001447632909
0.00003353001782670617
0.00003405002178624273
0.00003452002070844173
0.00003511002054437995
0.00003555002389475703
0.00003603002754971385
0.00003650003112852573
0.00003697003237903118
0.00003736003534868360
0.00003794003976508975
0.00003845002036541700
0.00003887002123519778
0.00003950002137571573
0.00004001002293080091
0.00004045002628117800
0.00004118003416806459
0.00004153002984821796
0.00004214001819491386
0.00004268003627657890
0.00004317003767937422
0.00004373003728687763
0.00004426002968102694
0.00004484004806727171
0.00004524003248661756
0.00004571997560560703
0.00004636997357010841
0.00004670998081564903
0.00004724997095763683
0.00004772996064275503
0.00004822995979338884
