0.00000024000004486879
0.00000029000006179558
0.00000028000005841022
0.00000031000006856630
0.00000028000005841022
0.00000011000000995409
0.00000011000000995409
0.00000011000000995409
0.00000010000000656873
0.00000007999999979802
0.00000012000001333945
0.00000010000000656873
0.00000012000001333945
0.00000011000000995409
0.00000010000000656873
0.00000013000001672481
0.00000012000001333945
0.00000010000000656873
0.00000011000000995409
0.00000009000000318338
0.00000011000000995409
0.00000013000001672481
0.00000016000001778593
0.00000012000001333945
0.00000012000001333945
0.00000013000001672481
0.00000012000001333945
0.00000012000001333945
0.00000011000000995409
0.00000014000002011016
0.00000014000002011016
0.00000013000001672481
0.00000014000002011016
0.00000010000000656873
0.00000012000001333945
0.00000014000002011016
0.00000010000000656873
0.00000013000001672481
0.00000014000002011016
0.00000013000001672481
0.00000011000000995409
0.00000013000001672481
0.00000013000001672481
0.00000013000001672481
0.00000011000000995409
0.00000013000001672481
0.00000012000001333945
0.00000014000002011016
0.00000013000001672481
0.00000010000000656873
0.00000014000002011016
0.00000012000001333945
0.00000012000001333945
0.00000013000001672481
0.00000013000001672481
0.00000012000001333945
0.00000010000000656873
0.00000010000000656873
0.00000010000000656873
0.00000012000001333945
0.00000013000001672481
0.00000013000001672481
0.00000013000001672481
0.00000016000001778593
0.00000012000001333945
0.00000011000000995409
0.00000014000002011016
0.00000014000002011016
0.00000012000001333945
0.00000013000001672481
0.00000012000001333945
0.00000012000001333945
0.00000011000000995409
0.00000011000000995409
0.00000012000001333945
0.00000011000000995409
0.00000014000002011016
0.00000014000002011016
0.00000012000001333945
0.00000014000002011016
0.00000011000000995409
0.00000013000001672481
0.00000015000002349552
0.00000009000000318338
0.00000014000002011016
0.00000014000002011016
0.00000013000001672481
0.00000016000001778593
0.00000015000002349552
0.00000014000002011016
0.00000013000001672481
0.00000014000002011016
0.00000012000001333945
0.00000015000002349552
0.00000013000001672481
0.00000015000002349552
0.00000013000001672481
0.00000014000002011016
0.00000014000002011016
