0.00000263999798335135
0.00000508000142872333
0.00000774999964050949
0.00001029000501148403
0.00000439000141341239
0.00000532999925781041
0.00000624999403953552
0.00000719999778084457
0.00000830000324640423
0.00000918000703677535
0.00001000000629574060
0.00001092000631615520
0.00001178999082185328
0.00001278999028727412
0.00001371999271214008
0.00001467999652959406
0.00001562000135891140
0.00001651000813581050
0.00001750001218169928
0.00001835001632571220
0.00001937001128681004
0.00002040001098066568
0.00002137000905349851
0.00002222000621259212
0.00002326996996998787
0.00002427997533231974
0.00002549997996538878
0.00002604998182505369
0.00002718997886404395
0.00002851998666301370
0.00002953999442979693
0.00003044999903067946
0.00003152000484988094
0.00003276001196354627
0.00003372001927345991
0.00003491002134978771
0.00003615002846345305
0.00003731003496795893
0.00003858002368360758
0.00003948002122342586
0.00004050001967698336
0.00004164002835750580
0.00004318004008382558
0.00004408003296703100
0.00004483005031943321
0.00004613994620740414
0.00004767997190356255
0.00004830996040254832
0.00004962997045367956
0.00005115000531077385
0.00005228997673839330
0.00005297002382576465
0.00005420996807515621
0.00005568000953644514
0.00005666000768542290
0.00005763002205640078
0.00005861002020537853
0.00005993001163005829
0.00006090993992984295
0.00006188999861478806
0.00006341994274407626
0.00006414000410586595
0.00006518993992358446
0.00006676996592432261
0.00006829003803431987
0.00006852999795228242
0.00006945996545255185
0.00007104995660483837
0.00007160000037401914
0.00007279999554157257
0.00007380004040896893
0.00007479999214410782
0.00007588005159050227
0.00007733995560556651
0.00007800001185387373
0.00007912994362413884
0.00008001003414392471
0.00008142998442053795
0.00008299998939037323
0.00008338999934494496
0.00008436002768576145
0.00008539999835193157
0.00008659005165100098
0.00008783005177974701
0.00008909999392926693
0.00009064011275768280
0.00009086007252335548
0.00009160003624856471
0.00009251994080841541
0.00009454997256398201
0.00009507993236184120
0.00009741002693772316
0.00009730001911520958
0.00009904996491968631
0.00010005991905927658
0.00010007991455495358
0.00010165003128349781
0.00010266998782753944
0.00010381994768977166
